1935
2718
3109
4055
5032
5150
6608
7467
8031
8445
9858
11240
11385
13320
13706
13881
14173
16410
16424
16642
16727
18228
19828
20009
20182
21881
25119
26929
28105
28418
28480
30388
33490
33583
34007
34527
35177 38479 44747 48094 44633 
35177
36038
38025
38479
38694
38912
39588
41154
41854
44633
44747
45759
46643
47514
48094
50132
52926
53602
54180
54408
56501
56962
58588
58703
59382
60630
61250
63291
63775
64243
65566
67521 70622 74691 75524 72668 
67521
70622
72668
73268
73428
73597
74691
75524
83784
84071
85575
85986
86195
86737
87146
87944
88534
89303
89362
89738
89786
92444
93448
93991
94853
94879
95257
95312
95419
97205
